I
1130 Generated by WorldEditor 2.4.0r2

1    125 0 0 VGSD Saidpur
1302 city Saidpur
1302 country Bangladesh
1302 datum_lat 25.760375
1302 datum_lon 88.908469444
1302 faa_code 
1302 gui_label 3D
1302 iata_code SPD
1302 icao_code VGSD
1302 region_code VG
1302 state Rajshahi Division
1302 transition_alt 4000
1302 transition_level 6000
100 30.48 1 0 0.25 0 2 0  16  25.76684356  088.90581889 0 120 5 0 0 0 34  25.75135459  088.91220000 0 127 5 0 0 0
110 2 0.00 0.0 New Taxiway 2
111  25.76290628  088.90994149
112  25.76294244  088.90999643  25.76295054  088.91000363
112  25.76297381  088.90999837  25.76298516  088.90999702
112  25.76301912  088.91003126  25.76302844  088.91003846
112  25.76304526  088.91004675  25.76305458  088.91005620
111  25.76307315  088.91010867
112  25.76316203  088.91007190  25.76317751  088.91006721
112  25.76322826  088.91007771  25.76324569  088.91008738
112  25.76330668  088.91011061  25.76332249  088.91010746
112  25.76334503  088.91009319  25.76335597  088.91008734
112  25.76336420  088.91007771  25.76337028  088.91007636
112  25.76340602  088.91007577  25.76342120  088.91007577
112  25.76343914  088.91006610  25.76345315  088.91006221
112  25.76384347  088.90989387  25.76387427  088.90988143
112  25.76389438  088.90983651  25.76390605  088.90981421
112  25.76391806  088.90978987  25.76393027  088.90977152
112  25.76395815  088.90974750  25.76397111  088.90974103
111  25.76401452  088.90973599
111  25.76389429  088.90973351
111  25.76388180  088.90971187
111  25.76387706  088.90968389
112  25.76387797  088.90945435  25.76389477  088.90941808
111  25.76400753  088.90944398
112  25.76398574  088.90941426  25.76397909  088.90938951
111  25.76397648  088.90927687
111  25.76393849  088.90927956
111  25.76393244  088.90925635
111  25.76390333  088.90925595
112  25.76383646  088.90926093  25.76381900  088.90923258
111  25.76381559  088.90921269
111  25.76348413  088.90936246
113  25.76357962  088.90965104
110 2 0.00 0.0 New Taxiway 2
111  25.76093387  088.90841711
111  25.76099827  088.90881794
111  25.76094234  088.90884617
111  25.76094234  088.90903623
111  25.76098810  088.90904941
111  25.76096098  088.90916796
111  25.76099827  088.90925641
111  25.76097115  088.90929404
111  25.76096776  088.90950481
111  25.76092709  088.90951234
111  25.76092370  088.90956879
111  25.76095759  088.90957820
111  25.76097285  088.90956315
111  25.76102369  088.90958949
111  25.76104572  088.90958008
111  25.76105759  088.90955185
111  25.76110335  088.90957444
111  25.76111691  088.90958761
111  25.76114233  088.90960454
111  25.76116436  088.90959890
111  25.76122029  088.90958949
111  25.76125249  088.90958008
111  25.76128978  088.90957067
111  25.76134740  088.90955938
111  25.76140163  088.90954621
111  25.76144570  088.90956691
111  25.76147282  088.90957255
111  25.76148977  088.90957067
112  25.76149316  088.90955562  25.76149316  088.90955374
112  25.76147282  088.90953304  25.76146773  088.90948411
111  25.76147112  088.90943142
112  25.76146604  088.90934673  25.76146604  088.90934485
111  25.76139994  088.90929216
112  25.76136435  088.90929969  25.76134062  088.90930533
112  25.76136704  088.90925373  25.76139924  088.90924244
111  25.76163552  088.90923383
111  25.76163383  088.90918866
111  25.76128469  088.90921312
112  25.76118131  088.90924323  25.76113724  088.90923006
112  25.76111013  088.90908704  25.76110335  088.90902870
111  25.76107454  088.90877089
113  25.76100844  088.90838512
110 2 0.00 0.0 New Taxiway 1
111  25.75386382  088.91101173
111  25.75438771  088.91079004
114  25.75399635  088.91060821  25.75374495  088.91071562
110 2 0.00 0.0 New Taxiway 2
111  25.76251098  088.90795799
112  25.76244775  088.90834655  25.76228511  088.90842913
111  25.76206757  088.90851540
112  25.76186314  088.90839863  25.76179802  088.90826167
111  25.76186314  088.90839863
112  25.76186314  088.90839863  25.76172254  088.90812268
111  25.76200238  088.90797349
111  25.76124116  088.90828706
112  25.76153507  088.90838881  25.76159267  088.90849172
112  25.76159838  088.90865490  25.76158742  088.90876031
111  25.76159838  088.90865490
112  25.76159838  088.90865490  25.76158188  088.90871065
112  25.76148583  088.90876054  25.76142080  088.90880240
111  25.76148583  088.90876054
112  25.76148583  088.90876054  25.76153207  088.90894100
112  25.76182978  088.90981702  25.76183603  088.90981596
111  25.76182978  088.90981702
112  25.76182978  088.90981702  25.76207713  088.90972851
112  25.76270216  088.90945132  25.76296004  088.90933090
111  25.76270216  088.90945132
112  25.76270216  088.90945132  25.76267353  088.90936961
112  25.76245676  088.90876730  25.76245769  088.90876482
111  25.76245676  088.90876730
112  25.76245676  088.90876730  25.76255850  088.90872443
112  25.76275173  088.90864573  25.76280594  088.90862341
111  25.76275173  088.90864573
114  25.76275173  088.90864573  25.76268174  088.90842523
110 2 0.00 0.0 New Taxiway 3
111  25.76295513  088.90855391
111  25.76326723  088.90844042 1
111  25.76316227  088.90812170 1
112  25.76301032  088.90817461  25.76292942  088.90820173 1
113  25.76279799  088.90807147
110 1 0.00 20.0 New Taxiway 4
112  25.75132497  088.91226722  25.75135874  088.91236250
112  25.75146849  088.91251728  25.75159934  088.91262038
111  25.75146849  088.91251728
112  25.75146849  088.91251728  25.75154095  088.91257438
112  25.75177614  088.91250195  25.75188503  088.91242863
111  25.75177614  088.91250195
112  25.75177614  088.91250195  25.75189362  088.91241970
112  25.75193961  088.91220299  25.75198049  088.91213980
111  25.75193961  088.91220299
112  25.75193961  088.91220299  25.75201972  088.91203831
113  25.75225307  088.91191333
110 1 0.00 20.0 New Taxiway 1
111  25.76592771  088.90634041
112  25.76622970  088.90626077  25.76633886  088.90626348
112  25.76661836  088.90640294  25.76675910  088.90637240
112  25.76690124  088.90616933  25.76693275  088.90605271
113  25.76687144  088.90591855
110 1 0.00 20.0 Taxiway
111  25.76245720  088.90876639
111  25.76270169  088.90945393
111  25.76357234  088.90909840
111  25.76350765  088.90894502
112  25.76349891  088.90884824  25.76347772  088.90878549
112  25.76338668  088.90849092  25.76335715  088.90840117
111  25.76324713  088.90844749
112  25.76295499  088.90855144  25.76286402  088.90858221
111  25.76295499  088.90855144
112  25.76295499  088.90855144  25.76291466  088.90844350
112  25.76279799  088.90807015  25.76278446  088.90803107
111  25.76279799  088.90807015
111  25.76275469  088.90792546
112  25.76275469  088.90792546  25.76272221  088.90778409
112  25.76283382  088.90762761  25.76288966  088.90757178
111  25.76283382  088.90762761
111  25.76222683  088.90788299
112  25.76222683  088.90788299  25.76242882  088.90781697
112  25.76251235  088.90796015  25.76255674  088.90805873
111  25.76251235  088.90796015
112  25.76275256  088.90864693  25.76274765  088.90864676
113  25.76275256  088.90864693
130 Airport Boundary
111  25.74840883  088.91232811
111  25.74882681  088.91384054
111  25.75998860  088.90919999
111  25.76150574  088.90885623
111  25.76257393  088.90928593
111  25.76328605  088.90975000
111  25.76368856  088.90950937
111  25.76392077  088.90873591
111  25.76402914  088.90797964
111  25.76864247  088.90588272
113  25.76819352  088.90440456
120 Linear Feature 9
112  25.76179124  088.90871349  25.76181012  088.90876947 1
116  25.76194567  088.90884103  25.76201929  088.90881078
120 Linear Feature 2
111  25.76326424  088.90858113 20
115  25.76172368  088.90924827
120 Linear Feature 1
111  25.76330298  088.90908176
115  25.76183492  088.90967917
120 Linear Feature 1
111  25.76183485  088.90967950 1 102
112  25.76167653  088.90921017  25.76160363  088.90899151 1 102
116  25.76179243  088.90890724  25.76179258  088.90890717
120 Linear Feature 1
111  25.76220237  088.90952360 1 102
112  25.76204683  088.90905192  25.76197393  088.90883326 1 102
116  25.76216274  088.90874899  25.76216224  088.90874823
120 Linear Feature 1
111  25.76257314  088.90937482 1 102
112  25.76241613  088.90888839  25.76234534  088.90866973 1 102
116  25.76253298  088.90858902  25.76253259  088.90858916
120 Linear Feature 1
111  25.76295209  088.90921809 1 102
112  25.76278505  088.90872362  25.76271581  088.90852155 1 102
116  25.76285332  088.90845166  25.76285386  088.90845149
120 Linear Feature 1
112  25.76204698  088.90905216  25.76199055  088.90887605 1 102
116  25.76179247  088.90890709  25.76179193  088.90890729
120 Linear Feature 1
112  25.76241607  088.90888833  25.76235963  088.90871223 1 102
116  25.76216228  088.90874884  25.76216222  088.90874851
120 Linear Feature 1
112  25.76278541  088.90872892  25.76272897  088.90855281 1 102
116  25.76253279  088.90858909  25.76253226  088.90858962
120 Linear Feature 1
111  25.76326085  088.90909491 1 102
112  25.76310894  088.90859878  25.76303926  088.90837936 1 102
116  25.76285321  088.90845182  25.76285241  088.90845266
120 Linear Feature 3
111  25.76276122  088.90833805 1
116  25.76288659  088.90843722  25.76295832  088.90840710
120 Linear Feature 2
111  25.76276138  088.90833834 1
116  25.76272696  088.90850580  25.76265527  088.90853616
120 Linear Feature 1
111  25.76318673  088.90830899 1 102
115  25.76155995  088.90900694
120 Linear Feature 5
111  25.76264881  088.90834024 13 104
115  25.76285642  088.90825458
120 Linear Feature 7
111  25.76181898  088.90835467 1
115  25.76184012  088.90834407
120 Linear Feature 6
111  25.76179928  088.90826591 1
115  25.76182501  088.90826371
120 Linear Feature 5
111  25.76181664  088.90814093 1
115  25.76184152  088.90815654
120 Linear Feature 4
111  25.76191840  088.90800927 1
115  25.76192954  088.90802929
120 Linear Feature 3
112  25.76255482  088.90807874  25.76257008  088.90812111 1
112  25.76246868  088.90837369  25.76232635  088.90844454 1
112  25.76208806  088.90854568  25.76203294  088.90856687 1
112  25.76186803  088.90845745  25.76181554  088.90836257 1
112  25.76181681  088.90814067  25.76186451  088.90803356 1
116  25.76191955  088.90801034  25.76196271  088.90797687
120 Linear Feature 8
111  25.76164961  088.90829173 1 102
116  25.76126686  088.90811024  25.76094816  088.90823386
120 Taxiline
112  25.76260297  088.90784039  25.76255876  088.90770292 1 102
112  25.76223273  088.90771724  25.76208004  088.90778046
111  25.76223273  088.90771724 102
111  25.76178114  088.90790809
112  25.76178114  088.90790809  25.76154674  088.90800229 1 102
112  25.76165038  088.90829369  25.76169033  088.90841595
111  25.76165038  088.90829369 1 102
116  25.76185667  088.90890727  25.76185760  088.90890856
120 Taxiline
112  25.76260297  088.90784039  25.76255876  088.90770292 1 102
112  25.76223273  088.90771724  25.76208004  088.90778046
111  25.76223273  088.90771724 102
111  25.76285202  088.90745603
112  25.76285202  088.90745603  25.76262191  088.90755568 1 102
112  25.76260316  088.90784029  25.76264311  088.90796256
111  25.76260316  088.90784029 1 102
116  25.76276138  088.90833828  25.76280132  088.90846054
21  25.76607180  088.90660561 2 159.7 3.00 16  VASI
21  25.75202681  088.91142101 2 339.7 3.00 34  VASI
14  25.76327657  088.90915293 49 0 Saidpur
1300  25.76297754  088.90888780 -21.5 tie_down jets|turboprops|props|helos Ramp Start 1
1301 B none 
1300  25.76332561  088.90870668 157.7 tie_down jets|turboprops|props|helos Ramp Start 2
1301 B airline 
18  25.75956312  088.90987015 1 Saidpur
19  25.76735822  088.90601150 1 WS
19  25.76243460  088.90825466 1 WS
19  25.75109679  088.91173052 1 WS
1054 122900 TWR
1000 Southern Flow
1001 VGSD 070 250 999
1002 VGSD 0
1003 VGSD 0.0
1101 16 left
1110 16 122900 arrivals|departures heavy|jets|turboprops|props|helos|fighters 000000 000000 Arr,Dep Rwy 16
1000 Northern ATC Flow
1002 VGSD 0
1003 VGSD 0.0
1101 34 left
1110 34 122900 arrivals|departures heavy|jets|turboprops|props|helos|fighters 000000 000000 Arr,Dep Rwy 34
1200 
1201  25.76278685  088.90762232 both 0 A_start(split)
1201  25.76281596  088.90750655 both 1 A_start(split)
1201  25.76293493  088.90742762 both 2 A_start(split)
1201  25.76246395  088.90758924 both 3 A_stop
1201  25.76271510  088.90764243 both 4 A_stop
1201  25.76260296  088.90758086 both 5 A_stop(split)
1201  25.76282758  088.90782282 both 6 A_stop
1201  25.76301982  088.90838328 both 7 A_start
1201  25.76300121  088.90851626 both 8 unnamed entity(split)
1201  25.76295061  088.90858181 both 9 unnamed entity(split)
1201  25.76285542  088.90865004 both 10 unnamed entity(split)
1201  25.76275542  088.90880657 both 11 unnamed entity(split)
1201  25.76281566  088.90892295 both 12 unnamed entity(split)
1201  25.76297754  088.90888780 both 13 unnamed entity(split)
1201  25.76304762  088.90882977 both 14 A_start(split)
1201  25.76311687  088.90846275 both 15 unnamed entity(split)
1201  25.76322651  088.90848817 both 16 unnamed entity(split)
1201  25.76340362  088.90845339 both 17 unnamed entity(split)
1201  25.76346146  088.90853365 both 18 unnamed entity(split)
1201  25.76344941  088.90862462 both 19 unnamed entity(split)
1201  25.76332561  088.90870668 both 20 unnamed entity(split)
1201  25.76322645  088.90873669 both 21 A_start(split)
1201  25.76311282  088.90864982 both 22 A_start(split)
1201  25.76323835  088.90844784 both 23 Ground_stop
1201  25.76343180  088.90838535 both 24 Ground_stop
1201  25.76349863  088.90843873 both 25 Ground_stop
1201  25.76362291  088.90881236 both 26 Ground_stop
1201  25.76361354  088.90889047 both 27 Ground_stop
1201  25.76357602  088.90893213 both 28 Ground_stop
1201  25.76311993  088.90868738 both 29 Ground_stop
1201  25.76322545  088.90905581 both 30 Ground_stop
1201  25.76293703  088.90915865 both 31 Ground_stop
1201  25.76281744  088.90917297 both 32 Ground_stop
1201  25.76275413  088.90912741 both 33 Ground_stop
1201  25.76262750  088.90863401 both 34 Ground_stop
1201  25.76263923  088.90859495 both 35 Ground_stop
1201  25.76285730  088.90851033 both 36 Ground_start
1201  25.75153216  088.91208074 both 37 B_stop
1201  25.76682981  088.90582116 both 38 B_start
1202 6 0 twoway taxiway_B A
1204 departure 16,34
1204 arrival 16,34
1202 0 1 twoway taxiway_B A
1204 departure 16,34
1204 arrival 16,34
1202 1 2 twoway taxiway_B A
1204 departure 16,34
1204 arrival 16,34
1202 4 5 twoway taxiway_B A
1204 departure 16,34
1204 arrival 16,34
1202 5 3 twoway taxiway_B A
1204 departure 16,34
1204 arrival 16,34
1202 6 4 twoway taxiway_B A
1204 departure 16,34
1204 arrival 16,34
1202 7 8 twoway taxiway_B A
1202 8 9 twoway taxiway_B A
1202 9 10 twoway taxiway_B A
1202 10 11 twoway taxiway_B A
1202 11 12 twoway taxiway_B A
1202 12 13 twoway taxiway_B A
1202 13 14 twoway taxiway_B A
1202 14 22 twoway taxiway_B A
1202 7 15 twoway taxiway_B A
1202 15 16 twoway taxiway_B A
1202 16 17 twoway taxiway_B A
1202 17 18 twoway taxiway_B A
1202 18 19 twoway taxiway_B A
1202 19 20 twoway taxiway_B A
1202 20 21 twoway taxiway_B A
1202 21 22 twoway taxiway_B A
1202 22 7 twoway taxiway_B A
1202 7 6 twoway taxiway_B A
1204 departure 16,34
1204 arrival 16,34
1202 38 2 twoway runway 16/34
1204 departure 16,34
1204 arrival 16,34
1204 ils 16,34
1202 2 3 twoway runway 16/34
1204 departure 16,34
1204 arrival 16,34
1204 ils 16,34
1202 3 37 twoway runway 16/34
1204 departure 16,34
1204 arrival 16,34
1204 ils 16,34
1206 24 23 twoway Ground
1206 25 24 twoway Ground
1206 26 25 twoway Ground
1206 27 26 twoway Ground
1206 28 27 twoway Ground
1206 30 28 twoway Ground
1206 29 30 twoway Ground
1206 30 29 twoway Ground
1206 31 30 twoway Ground
1206 32 31 twoway Ground
1206 33 32 twoway Ground
1206 34 33 twoway Ground
1206 35 34 twoway Ground
1206 36 35 twoway Ground
1400  25.76343228  088.90906394 -115.3 gpu 0 New Service Truck 1
1401  25.76331456  088.90854548 151.6 gpu New Service Truck Destination 6
1401  25.76279282  088.90859495 0.0 crew_car New Service Truck Destination 5
99
